Total number of cylinders: 
2
Number of slices in each cylinder: 
80 80 
Cylinder  1:
Index, Center, Normal, Radius
1        -2.9585134050077038         2.3356204777262000       -20.0000000000000000         0.0000000000000000         0.0000000000000000         1.0000000000000000         3.0000000000000000
2        -2.9585134050077038         2.3356204777262000       -19.5000000000000000         0.0000000000000000         0.0000000000000000         1.0000000000000000         3.0000000000000000
3        -2.9585134050077038         2.3356204777262000       -19.0000000000000000         0.0000000000000000         0.0000000000000000         1.0000000000000000         3.0000000000000000
4        -2.9585134050077038         2.3356204777262000       -18.5000000000000000         0.0000000000000000         0.0000000000000000         1.0000000000000000         3.0000000000000000
5        -2.9585134050077038         2.3356204777262000       -18.0000000000000000         0.0000000000000000         0.0000000000000000         1.0000000000000000         3.0000000000000000
6        -2.9585134050077038         2.3356204777262000       -17.5000000000000000         0.0000000000000000         0.0000000000000000         1.0000000000000000         3.0000000000000000
7        -2.9585134050077038         2.3356204777262000       -17.0000000000000000         0.0000000000000000         0.0000000000000000         1.0000000000000000         3.0000000000000000
8        -2.9585134050077038         2.3356204777262000       -16.5000000000000000         0.0000000000000000         0.0000000000000000         1.0000000000000000         3.0000000000000000
9        -2.9585134050077038         2.3356204777262000       -16.0000000000000000         0.0000000000000000         0.0000000000000000         1.0000000000000000         3.0000000000000000
10        -2.9585134050077038         2.3356204777262000       -15.5000000000000000         0.0000000000000000         0.0000000000000000         1.0000000000000000         3.0000000000000000
11        -2.9585134050077038         2.3356204777262000       -15.0000000000000000         0.0000000000000000         0.0000000000000000         1.0000000000000000         3.0000000000000000
12        -2.9585134050077038         2.3356204777262000       -14.5000000000000000         0.0000000000000000         0.0000000000000000         1.0000000000000000         3.0000000000000000
13        -2.9585134050077038         2.3356204777262000       -14.0000000000000000         0.0000000000000000         0.0000000000000000         1.0000000000000000         3.0000000000000000
14        -2.9585134050077038         2.3356204777262000       -13.5000000000000000         0.0000000000000000         0.0000000000000000         1.0000000000000000         3.0000000000000000
15        -2.9585134050077038         2.3356204777262000       -13.0000000000000000         0.0000000000000000         0.0000000000000000         1.0000000000000000         3.0000000000000000
16        -2.9585134050077038         2.3356204777262000       -12.5000000000000000         0.0000000000000000         0.0000000000000000         1.0000000000000000         3.0000000000000000
17        -2.9585134050077038         2.3356204777262000       -12.0000000000000000         0.0000000000000000         0.0000000000000000         1.0000000000000000         3.0000000000000000
18        -2.9585134050077038         2.3356204777262000       -11.5000000000000000         0.0000000000000000         0.0000000000000000         1.0000000000000000         3.0000000000000000
19        -2.9585134050077038         2.3356204777262000       -11.0000000000000000         0.0000000000000000         0.0000000000000000         1.0000000000000000         3.0000000000000000
20        -2.9585134050077038         2.3356204777262000       -10.5000000000000000         0.0000000000000000         0.0000000000000000         1.0000000000000000         3.0000000000000000
21        -2.9585134050077038         2.3356204777262000       -10.0000000000000000         0.0000000000000000         0.0000000000000000         1.0000000000000000         3.0000000000000000
22        -2.9585134050077038         2.3356204777262000        -9.5000000000000000         0.0000000000000000         0.0000000000000000         1.0000000000000000         3.0000000000000000
23        -2.9585134050077038         2.3356204777262000        -9.0000000000000000         0.0000000000000000         0.0000000000000000         1.0000000000000000         3.0000000000000000
24        -2.9585134050077038         2.3356204777262000        -8.5000000000000000         0.0000000000000000         0.0000000000000000         1.0000000000000000         3.0000000000000000
25        -2.9585134050077038         2.3356204777262000        -8.0000000000000000         0.0000000000000000         0.0000000000000000         1.0000000000000000         3.0000000000000000
26        -2.9585134050077038         2.3356204777262000        -7.5000000000000000         0.0000000000000000         0.0000000000000000         1.0000000000000000         3.0000000000000000
27        -2.9585134050077038         2.3356204777262000        -7.0000000000000000         0.0000000000000000         0.0000000000000000         1.0000000000000000         3.0000000000000000
28        -2.9585134050077038         2.3356204777262000        -6.5000000000000000         0.0000000000000000         0.0000000000000000         1.0000000000000000         3.0000000000000000
29        -2.9585134050077038         2.3356204777262000        -6.0000000000000000         0.0000000000000000         0.0000000000000000         1.0000000000000000         3.0000000000000000
30        -2.9585134050077038         2.3356204777262000        -5.5000000000000000         0.0000000000000000         0.0000000000000000         1.0000000000000000         3.0000000000000000
31        -2.9585134050077038         2.3356204777262000        -5.0000000000000000         0.0000000000000000         0.0000000000000000         1.0000000000000000         3.0000000000000000
32        -2.9585134050077038         2.3356204777262000        -4.5000000000000000         0.0000000000000000         0.0000000000000000         1.0000000000000000         3.0000000000000000
33        -2.9585134050077038         2.3356204777262000        -4.0000000000000000         0.0000000000000000         0.0000000000000000         1.0000000000000000         3.0000000000000000
34        -2.9585134050077038         2.3356204777262000        -3.5000000000000000         0.0000000000000000         0.0000000000000000         1.0000000000000000         3.0000000000000000
35        -2.9585134050077038         2.3356204777262000        -3.0000000000000000         0.0000000000000000         0.0000000000000000         1.0000000000000000         3.0000000000000000
36        -2.9585134050077038         2.3356204777262000        -2.5000000000000000         0.0000000000000000         0.0000000000000000         1.0000000000000000         3.0000000000000000
37        -2.9585134050077038         2.3356204777262000        -2.0000000000000000         0.0000000000000000         0.0000000000000000         1.0000000000000000         3.0000000000000000
38        -2.9585134050077038         2.3356204777262000        -1.5000000000000000         0.0000000000000000         0.0000000000000000         1.0000000000000000         3.0000000000000000
39        -2.9585134050077038         2.3356204777262000        -1.0000000000000000         0.0000000000000000         0.0000000000000000         1.0000000000000000         3.0000000000000000
40        -2.9585134050077038         2.3356204777262000        -0.5000000000000000         0.0000000000000000         0.0000000000000000         1.0000000000000000         3.0000000000000000
41        -2.9585134050077038         2.3356204777262000         0.0000000000000000         0.0000000000000000         0.0000000000000000         1.0000000000000000         3.0000000000000000
42        -2.9585134050077038         2.3356204777262000         0.5000000000000000         0.0000000000000000         0.0000000000000000         1.0000000000000000         3.0000000000000000
43        -2.9585134050077038         2.3356204777262000         1.0000000000000000         0.0000000000000000         0.0000000000000000         1.0000000000000000         3.0000000000000000
44        -2.9585134050077038         2.3356204777262000         1.5000000000000000         0.0000000000000000         0.0000000000000000         1.0000000000000000         3.0000000000000000
45        -2.9585134050077038         2.3356204777262000         2.0000000000000000         0.0000000000000000         0.0000000000000000         1.0000000000000000         3.0000000000000000
46        -2.9585134050077038         2.3356204777262000         2.5000000000000000         0.0000000000000000         0.0000000000000000         1.0000000000000000         3.0000000000000000
47        -2.9585134050077038         2.3356204777262000         3.0000000000000000         0.0000000000000000         0.0000000000000000         1.0000000000000000         3.0000000000000000
48        -2.9585134050077038         2.3356204777262000         3.5000000000000000         0.0000000000000000         0.0000000000000000         1.0000000000000000         3.0000000000000000
49        -2.9585134050077038         2.3356204777262000         4.0000000000000000         0.0000000000000000         0.0000000000000000         1.0000000000000000         3.0000000000000000
50        -2.9585134050077038         2.3356204777262000         4.5000000000000000         0.0000000000000000         0.0000000000000000         1.0000000000000000         3.0000000000000000
51        -2.9585134050077038         2.3356204777262000         5.0000000000000000         0.0000000000000000         0.0000000000000000         1.0000000000000000         3.0000000000000000
52        -2.9585134050077038         2.3356204777262000         5.5000000000000000         0.0000000000000000         0.0000000000000000         1.0000000000000000         3.0000000000000000
53        -2.9585134050077038         2.3356204777262000         6.0000000000000000         0.0000000000000000         0.0000000000000000         1.0000000000000000         3.0000000000000000
54        -2.9585134050077038         2.3356204777262000         6.5000000000000000         0.0000000000000000         0.0000000000000000         1.0000000000000000         3.0000000000000000
55        -2.9585134050077038         2.3356204777262000         7.0000000000000000         0.0000000000000000         0.0000000000000000         1.0000000000000000         3.0000000000000000
56        -2.9585134050077038         2.3356204777262000         7.5000000000000000         0.0000000000000000         0.0000000000000000         1.0000000000000000         3.0000000000000000
57        -2.9585134050077038         2.3356204777262000         8.0000000000000000         0.0000000000000000         0.0000000000000000         1.0000000000000000         3.0000000000000000
58        -2.9585134050077038         2.3356204777262000         8.5000000000000000         0.0000000000000000         0.0000000000000000         1.0000000000000000         3.0000000000000000
59        -2.9585134050077038         2.3356204777262000         9.0000000000000000         0.0000000000000000         0.0000000000000000         1.0000000000000000         3.0000000000000000
60        -2.9585134050077038         2.3356204777262000         9.5000000000000000         0.0000000000000000         0.0000000000000000         1.0000000000000000         3.0000000000000000
61        -2.9585134050077038         2.3356204777262000        10.0000000000000000         0.0000000000000000         0.0000000000000000         1.0000000000000000         3.0000000000000000
62        -2.9585134050077038         2.3356204777262000        10.5000000000000000         0.0000000000000000         0.0000000000000000         1.0000000000000000         3.0000000000000000
63        -2.9585134050077038         2.3356204777262000        11.0000000000000000         0.0000000000000000         0.0000000000000000         1.0000000000000000         3.0000000000000000
64        -2.9585134050077038         2.3356204777262000        11.5000000000000000         0.0000000000000000         0.0000000000000000         1.0000000000000000         3.0000000000000000
65        -2.9585134050077038         2.3356204777262000        12.0000000000000000         0.0000000000000000         0.0000000000000000         1.0000000000000000         3.0000000000000000
66        -2.9585134050077038         2.3356204777262000        12.5000000000000000         0.0000000000000000         0.0000000000000000         1.0000000000000000         3.0000000000000000
67        -2.9585134050077038         2.3356204777262000        13.0000000000000000         0.0000000000000000         0.0000000000000000         1.0000000000000000         3.0000000000000000
68        -2.9585134050077038         2.3356204777262000        13.5000000000000000         0.0000000000000000         0.0000000000000000         1.0000000000000000         3.0000000000000000
69        -2.9585134050077038         2.3356204777262000        14.0000000000000000         0.0000000000000000         0.0000000000000000         1.0000000000000000         3.0000000000000000
70        -2.9585134050077038         2.3356204777262000        14.5000000000000000         0.0000000000000000         0.0000000000000000         1.0000000000000000         3.0000000000000000
71        -2.9585134050077038         2.3356204777262000        15.0000000000000000         0.0000000000000000         0.0000000000000000         1.0000000000000000         3.0000000000000000
72        -2.9585134050077038         2.3356204777262000        15.5000000000000000         0.0000000000000000         0.0000000000000000         1.0000000000000000         3.0000000000000000
73        -2.9585134050077038         2.3356204777262000        16.0000000000000000         0.0000000000000000         0.0000000000000000         1.0000000000000000         3.0000000000000000
74        -2.9585134050077038         2.3356204777262000        16.5000000000000000         0.0000000000000000         0.0000000000000000         1.0000000000000000         3.0000000000000000
75        -2.9585134050077038         2.3356204777262000        17.0000000000000000         0.0000000000000000         0.0000000000000000         1.0000000000000000         3.0000000000000000
76        -2.9585134050077038         2.3356204777262000        17.5000000000000000         0.0000000000000000         0.0000000000000000         1.0000000000000000         3.0000000000000000
77        -2.9585134050077038         2.3356204777262000        18.0000000000000000         0.0000000000000000         0.0000000000000000         1.0000000000000000         3.0000000000000000
78        -2.9585134050077038         2.3356204777262000        18.5000000000000000         0.0000000000000000         0.0000000000000000         1.0000000000000000         3.0000000000000000
79        -2.9585134050077038         2.3356204777262000        19.0000000000000000         0.0000000000000000         0.0000000000000000         1.0000000000000000         3.0000000000000000
80        -2.9585134050077038         2.3356204777262000        19.5000000000000000         0.0000000000000000         0.0000000000000000         1.0000000000000000         3.0000000000000000
81        -2.9585134050077038         2.3356204777262000        20.0000000000000000         0.0000000000000000         0.0000000000000000         1.0000000000000000         3.0000000000000000
Cylinder  2:
Index, Center, Normal, Radius
1         2.5055816359387144        -1.8826887086572115       -20.0000000000000000         0.0000000000000000         0.0000000000000000         1.0000000000000000         3.4529317690689885
2         2.5055816359387144        -1.8826887086572115       -19.5000000000000000         0.0000000000000000         0.0000000000000000         1.0000000000000000         3.4529317690689885
3         2.5055816359387144        -1.8826887086572115       -19.0000000000000000         0.0000000000000000         0.0000000000000000         1.0000000000000000         3.4529317690689885
4         2.5055816359387144        -1.8826887086572115       -18.5000000000000000         0.0000000000000000         0.0000000000000000         1.0000000000000000         3.4529317690689885
5         2.5055816359387144        -1.8826887086572115       -18.0000000000000000         0.0000000000000000         0.0000000000000000         1.0000000000000000         3.4529317690689885
6         2.5055816359387144        -1.8826887086572115       -17.5000000000000000         0.0000000000000000         0.0000000000000000         1.0000000000000000         3.4529317690689885
7         2.5055816359387144        -1.8826887086572115       -17.0000000000000000         0.0000000000000000         0.0000000000000000         1.0000000000000000         3.4529317690689885
8         2.5055816359387144        -1.8826887086572115       -16.5000000000000000         0.0000000000000000         0.0000000000000000         1.0000000000000000         3.4529317690689885
9         2.5055816359387144        -1.8826887086572115       -16.0000000000000000         0.0000000000000000         0.0000000000000000         1.0000000000000000         3.4529317690689885
10         2.5055816359387144        -1.8826887086572115       -15.5000000000000000         0.0000000000000000         0.0000000000000000         1.0000000000000000         3.4529317690689885
11         2.5055816359387144        -1.8826887086572115       -15.0000000000000000         0.0000000000000000         0.0000000000000000         1.0000000000000000         3.4529317690689885
12         2.5055816359387144        -1.8826887086572115       -14.5000000000000000         0.0000000000000000         0.0000000000000000         1.0000000000000000         3.4529317690689885
13         2.5055816359387144        -1.8826887086572115       -14.0000000000000000         0.0000000000000000         0.0000000000000000         1.0000000000000000         3.4529317690689885
14         2.5055816359387144        -1.8826887086572115       -13.5000000000000000         0.0000000000000000         0.0000000000000000         1.0000000000000000         3.4529317690689885
15         2.5055816359387144        -1.8826887086572115       -13.0000000000000000         0.0000000000000000         0.0000000000000000         1.0000000000000000         3.4529317690689885
16         2.5055816359387144        -1.8826887086572115       -12.5000000000000000         0.0000000000000000         0.0000000000000000         1.0000000000000000         3.4529317690689885
17         2.5055816359387144        -1.8826887086572115       -12.0000000000000000         0.0000000000000000         0.0000000000000000         1.0000000000000000         3.4529317690689885
18         2.5055816359387144        -1.8826887086572115       -11.5000000000000000         0.0000000000000000         0.0000000000000000         1.0000000000000000         3.4529317690689885
19         2.5055816359387144        -1.8826887086572115       -11.0000000000000000         0.0000000000000000         0.0000000000000000         1.0000000000000000         3.4529317690689885
20         2.5055816359387144        -1.8826887086572115       -10.5000000000000000         0.0000000000000000         0.0000000000000000         1.0000000000000000         3.4529317690689885
21         2.5055816359387144        -1.8826887086572115       -10.0000000000000000         0.0000000000000000         0.0000000000000000         1.0000000000000000         3.4529317690689885
22         2.5055816359387144        -1.8826887086572115        -9.5000000000000000         0.0000000000000000         0.0000000000000000         1.0000000000000000         3.4529317690689885
23         2.5055816359387144        -1.8826887086572115        -9.0000000000000000         0.0000000000000000         0.0000000000000000         1.0000000000000000         3.4529317690689885
24         2.5055816359387144        -1.8826887086572115        -8.5000000000000000         0.0000000000000000         0.0000000000000000         1.0000000000000000         3.4529317690689885
25         2.5055816359387144        -1.8826887086572115        -8.0000000000000000         0.0000000000000000         0.0000000000000000         1.0000000000000000         3.4529317690689885
26         2.5055816359387144        -1.8826887086572115        -7.5000000000000000         0.0000000000000000         0.0000000000000000         1.0000000000000000         3.4529317690689885
27         2.5055816359387144        -1.8826887086572115        -7.0000000000000000         0.0000000000000000         0.0000000000000000         1.0000000000000000         3.4529317690689885
28         2.5055816359387144        -1.8826887086572115        -6.5000000000000000         0.0000000000000000         0.0000000000000000         1.0000000000000000         3.4529317690689885
29         2.5055816359387144        -1.8826887086572115        -6.0000000000000000         0.0000000000000000         0.0000000000000000         1.0000000000000000         3.4529317690689885
30         2.5055816359387144        -1.8826887086572115        -5.5000000000000000         0.0000000000000000         0.0000000000000000         1.0000000000000000         3.4529317690689885
31         2.5055816359387144        -1.8826887086572115        -5.0000000000000000         0.0000000000000000         0.0000000000000000         1.0000000000000000         3.4529317690689885
32         2.5055816359387144        -1.8826887086572115        -4.5000000000000000         0.0000000000000000         0.0000000000000000         1.0000000000000000         3.4529317690689885
33         2.5055816359387144        -1.8826887086572115        -4.0000000000000000         0.0000000000000000         0.0000000000000000         1.0000000000000000         3.4529317690689885
34         2.5055816359387144        -1.8826887086572115        -3.5000000000000000         0.0000000000000000         0.0000000000000000         1.0000000000000000         3.4529317690689885
35         2.5055816359387144        -1.8826887086572115        -3.0000000000000000         0.0000000000000000         0.0000000000000000         1.0000000000000000         3.4529317690689885
36         2.5055816359387144        -1.8826887086572115        -2.5000000000000000         0.0000000000000000         0.0000000000000000         1.0000000000000000         3.4529317690689885
37         2.5055816359387144        -1.8826887086572115        -2.0000000000000000         0.0000000000000000         0.0000000000000000         1.0000000000000000         3.4529317690689885
38         2.5055816359387144        -1.8826887086572115        -1.5000000000000000         0.0000000000000000         0.0000000000000000         1.0000000000000000         3.4529317690689885
39         2.5055816359387144        -1.8826887086572115        -1.0000000000000000         0.0000000000000000         0.0000000000000000         1.0000000000000000         3.4529317690689885
40         2.5055816359387144        -1.8826887086572115        -0.5000000000000000         0.0000000000000000         0.0000000000000000         1.0000000000000000         3.4529317690689885
41         2.5055816359387144        -1.8826887086572115         0.0000000000000000         0.0000000000000000         0.0000000000000000         1.0000000000000000         3.4529317690689885
42         2.5055816359387144        -1.8826887086572115         0.5000000000000000         0.0000000000000000         0.0000000000000000         1.0000000000000000         3.4529317690689885
43         2.5055816359387144        -1.8826887086572115         1.0000000000000000         0.0000000000000000         0.0000000000000000         1.0000000000000000         3.4529317690689885
44         2.5055816359387144        -1.8826887086572115         1.5000000000000000         0.0000000000000000         0.0000000000000000         1.0000000000000000         3.4529317690689885
45         2.5055816359387144        -1.8826887086572115         2.0000000000000000         0.0000000000000000         0.0000000000000000         1.0000000000000000         3.4529317690689885
46         2.5055816359387144        -1.8826887086572115         2.5000000000000000         0.0000000000000000         0.0000000000000000         1.0000000000000000         3.4529317690689885
47         2.5055816359387144        -1.8826887086572115         3.0000000000000000         0.0000000000000000         0.0000000000000000         1.0000000000000000         3.4529317690689885
48         2.5055816359387144        -1.8826887086572115         3.5000000000000000         0.0000000000000000         0.0000000000000000         1.0000000000000000         3.4529317690689885
49         2.5055816359387144        -1.8826887086572115         4.0000000000000000         0.0000000000000000         0.0000000000000000         1.0000000000000000         3.4529317690689885
50         2.5055816359387144        -1.8826887086572115         4.5000000000000000         0.0000000000000000         0.0000000000000000         1.0000000000000000         3.4529317690689885
51         2.5055816359387144        -1.8826887086572115         5.0000000000000000         0.0000000000000000         0.0000000000000000         1.0000000000000000         3.4529317690689885
52         2.5055816359387144        -1.8826887086572115         5.5000000000000000         0.0000000000000000         0.0000000000000000         1.0000000000000000         3.4529317690689885
53         2.5055816359387144        -1.8826887086572115         6.0000000000000000         0.0000000000000000         0.0000000000000000         1.0000000000000000         3.4529317690689885
54         2.5055816359387144        -1.8826887086572115         6.5000000000000000         0.0000000000000000         0.0000000000000000         1.0000000000000000         3.4529317690689885
55         2.5055816359387144        -1.8826887086572115         7.0000000000000000         0.0000000000000000         0.0000000000000000         1.0000000000000000         3.4529317690689885
56         2.5055816359387144        -1.8826887086572115         7.5000000000000000         0.0000000000000000         0.0000000000000000         1.0000000000000000         3.4529317690689885
57         2.5055816359387144        -1.8826887086572115         8.0000000000000000         0.0000000000000000         0.0000000000000000         1.0000000000000000         3.4529317690689885
58         2.5055816359387144        -1.8826887086572115         8.5000000000000000         0.0000000000000000         0.0000000000000000         1.0000000000000000         3.4529317690689885
59         2.5055816359387144        -1.8826887086572115         9.0000000000000000         0.0000000000000000         0.0000000000000000         1.0000000000000000         3.4529317690689885
60         2.5055816359387144        -1.8826887086572115         9.5000000000000000         0.0000000000000000         0.0000000000000000         1.0000000000000000         3.4529317690689885
61         2.5055816359387144        -1.8826887086572115        10.0000000000000000         0.0000000000000000         0.0000000000000000         1.0000000000000000         3.4529317690689885
62         2.5055816359387144        -1.8826887086572115        10.5000000000000000         0.0000000000000000         0.0000000000000000         1.0000000000000000         3.4529317690689885
63         2.5055816359387144        -1.8826887086572115        11.0000000000000000         0.0000000000000000         0.0000000000000000         1.0000000000000000         3.4529317690689885
64         2.5055816359387144        -1.8826887086572115        11.5000000000000000         0.0000000000000000         0.0000000000000000         1.0000000000000000         3.4529317690689885
65         2.5055816359387144        -1.8826887086572115        12.0000000000000000         0.0000000000000000         0.0000000000000000         1.0000000000000000         3.4529317690689885
66         2.5055816359387144        -1.8826887086572115        12.5000000000000000         0.0000000000000000         0.0000000000000000         1.0000000000000000         3.4529317690689885
67         2.5055816359387144        -1.8826887086572115        13.0000000000000000         0.0000000000000000         0.0000000000000000         1.0000000000000000         3.4529317690689885
68         2.5055816359387144        -1.8826887086572115        13.5000000000000000         0.0000000000000000         0.0000000000000000         1.0000000000000000         3.4529317690689885
69         2.5055816359387144        -1.8826887086572115        14.0000000000000000         0.0000000000000000         0.0000000000000000         1.0000000000000000         3.4529317690689885
70         2.5055816359387144        -1.8826887086572115        14.5000000000000000         0.0000000000000000         0.0000000000000000         1.0000000000000000         3.4529317690689885
71         2.5055816359387144        -1.8826887086572115        15.0000000000000000         0.0000000000000000         0.0000000000000000         1.0000000000000000         3.4529317690689885
72         2.5055816359387144        -1.8826887086572115        15.5000000000000000         0.0000000000000000         0.0000000000000000         1.0000000000000000         3.4529317690689885
73         2.5055816359387144        -1.8826887086572115        16.0000000000000000         0.0000000000000000         0.0000000000000000         1.0000000000000000         3.4529317690689885
74         2.5055816359387144        -1.8826887086572115        16.5000000000000000         0.0000000000000000         0.0000000000000000         1.0000000000000000         3.4529317690689885
75         2.5055816359387144        -1.8826887086572115        17.0000000000000000         0.0000000000000000         0.0000000000000000         1.0000000000000000         3.4529317690689885
76         2.5055816359387144        -1.8826887086572115        17.5000000000000000         0.0000000000000000         0.0000000000000000         1.0000000000000000         3.4529317690689885
77         2.5055816359387144        -1.8826887086572115        18.0000000000000000         0.0000000000000000         0.0000000000000000         1.0000000000000000         3.4529317690689885
78         2.5055816359387144        -1.8826887086572115        18.5000000000000000         0.0000000000000000         0.0000000000000000         1.0000000000000000         3.4529317690689885
79         2.5055816359387144        -1.8826887086572115        19.0000000000000000         0.0000000000000000         0.0000000000000000         1.0000000000000000         3.4529317690689885
80         2.5055816359387144        -1.8826887086572115        19.5000000000000000         0.0000000000000000         0.0000000000000000         1.0000000000000000         3.4529317690689885
81         2.5055816359387144        -1.8826887086572115        20.0000000000000000         0.0000000000000000         0.0000000000000000         1.0000000000000000         3.4529317690689885
