# b_parallel b_perpendicular x y z 
1.000000000000000000e+02 0.000000000000000000e+00 -3.656030000000000113e-01 -8.671099999999999641e-02 -9.267229999999999634e-01
1.000000000000000000e+02 0.000000000000000000e+00 8.840799999999999770e-01 -3.522000000000000131e-01 3.071769999999999778e-01
1.000000000000000000e+02 0.000000000000000000e+00 1.573960000000000081e-01 -9.103350000000000053e-01 3.827740000000000031e-01
1.000000000000000000e+02 0.000000000000000000e+00 4.311499999999999777e-01 3.610789999999999833e-01 -8.268809999999999771e-01
1.000000000000000000e+02 0.000000000000000000e+00 1.803130000000000011e-01 8.634680000000000133e-01 4.710739999999999927e-01
1.000000000000000000e+02 0.000000000000000000e+00 -8.634519999999999973e-01 -5.036490000000000133e-01 2.807700000000000126e-02
1.000000000000000000e+02 0.000000000000000000e+00 -6.552449999999999664e-01 4.933980000000000032e-01 5.720250000000000057e-01
0.000000000000000000e+00 5.000000000000000000e+01 -4.104189999999999783e-01 -7.515920000000000378e-01 -5.163969999999999949e-01
0.000000000000000000e+00 5.000000000000000000e+01 -7.546540000000000470e-01 2.765219999999999900e-01 -5.950069999999999526e-01
0.000000000000000000e+00 5.000000000000000000e+01 6.594210000000000349e-01 1.192819999999999991e-01 -7.422499999999999654e-01
0.000000000000000000e+00 5.000000000000000000e+01 -5.797399999999999776e-02 5.660460000000000491e-01 -8.223319999999999519e-01
0.000000000000000000e+00 5.000000000000000000e+01 9.865209999999999813e-01 1.599569999999999881e-01 3.449300000000000282e-02
0.000000000000000000e+00 5.000000000000000000e+01 6.640230000000000299e-01 -6.069740000000000135e-01 -4.366419999999999746e-01
0.000000000000000000e+00 5.000000000000000000e+01 -5.311770000000000103e-01 -8.062780000000000502e-01 2.603199999999999958e-01
0.000000000000000000e+00 5.000000000000000000e+01 5.829199999999999660e-02 2.660739999999999772e-01 9.621889999999999610e-01
0.000000000000000000e+00 5.000000000000000000e+01 2.857239999999999780e-01 -9.522610000000000241e-01 1.075249999999999956e-01
8.000000000000000000e+02 0.000000000000000000e+00 -4.104189999999999783e-01 -7.515920000000000378e-01 -5.163969999999999949e-01
8.000000000000000000e+02 0.000000000000000000e+00 -7.546540000000000470e-01 2.765219999999999900e-01 -5.950069999999999526e-01
8.000000000000000000e+02 0.000000000000000000e+00 6.594210000000000349e-01 1.192819999999999991e-01 -7.422499999999999654e-01
8.000000000000000000e+02 0.000000000000000000e+00 -5.797399999999999776e-02 5.660460000000000491e-01 -8.223319999999999519e-01
8.000000000000000000e+02 0.000000000000000000e+00 9.865209999999999813e-01 1.599569999999999881e-01 3.449300000000000282e-02
8.000000000000000000e+02 0.000000000000000000e+00 6.640230000000000299e-01 -6.069740000000000135e-01 -4.366419999999999746e-01
8.000000000000000000e+02 0.000000000000000000e+00 -5.311770000000000103e-01 -8.062780000000000502e-01 2.603199999999999958e-01
8.000000000000000000e+02 0.000000000000000000e+00 5.829199999999999660e-02 2.660739999999999772e-01 9.621889999999999610e-01
8.000000000000000000e+02 0.000000000000000000e+00 2.857239999999999780e-01 -9.522610000000000241e-01 1.075249999999999956e-01
0.000000000000000000e+00 4.000000000000000000e+02 9.390669999999999851e-01 -3.292590000000000239e-01 9.869999999999999607e-02
0.000000000000000000e+00 4.000000000000000000e+02 -1.482539999999999969e-01 9.183959999999999901e-01 -3.668370000000000242e-01
0.000000000000000000e+00 4.000000000000000000e+02 9.232219999999999871e-01 3.603529999999999789e-01 1.334430000000000061e-01
0.000000000000000000e+00 4.000000000000000000e+02 5.004030000000000422e-01 -8.436259999999999870e-01 -1.946569999999999967e-01
0.000000000000000000e+00 4.000000000000000000e+02 -7.243669999999999831e-01 -6.542379999999999862e-01 -2.174049999999999871e-01
0.000000000000000000e+00 4.000000000000000000e+02 -3.556989999999999874e-01 -2.448660000000000003e-01 9.019530000000000047e-01
0.000000000000000000e+00 4.000000000000000000e+02 -9.584399999999999586e-01 -3.800900000000000112e-02 -2.827500000000000013e-01
0.000000000000000000e+00 4.000000000000000000e+02 -1.507320000000000049e-01 9.225780000000000092e-01 3.551480000000000192e-01
0.000000000000000000e+00 4.000000000000000000e+02 5.312670000000000448e-01 2.719799999999999995e-01 8.023609999999999909e-01
0.000000000000000000e+00 4.000000000000000000e+02 -7.455319999999999725e-01 -4.472889999999999922e-01 4.940800000000000192e-01
0.000000000000000000e+00 4.000000000000000000e+02 -3.054160000000000208e-01 5.210999999999999660e-02 -9.507919999999999705e-01
0.000000000000000000e+00 4.000000000000000000e+02 -5.970389999999999864e-01 1.428310000000000135e-01 -7.893949999999999578e-01
0.000000000000000000e+00 4.000000000000000000e+02 8.496120000000000339e-01 -2.622970000000000024e-01 4.575589999999999935e-01
0.000000000000000000e+00 4.000000000000000000e+02 -2.232169999999999987e-01 -5.735460000000000003e-01 -7.881749999999999590e-01
0.000000000000000000e+00 4.000000000000000000e+02 9.237319999999999975e-01 3.159899999999999931e-01 -2.164939999999999920e-01
0.000000000000000000e+00 4.000000000000000000e+02 -4.170150000000000245e-01 7.421710000000000251e-01 5.246720000000000272e-01
0.000000000000000000e+00 4.000000000000000000e+02 5.036680000000000046e-01 -8.495559999999999778e-01 1.567560000000000064e-01
0.000000000000000000e+00 4.000000000000000000e+02 -4.459589999999999943e-01 -8.323059999999999903e-01 -3.292209999999999859e-01
0.000000000000000000e+00 4.000000000000000000e+02 -4.507030000000000203e-01 7.434229999999999450e-01 -4.941559999999999842e-01
0.000000000000000000e+00 4.000000000000000000e+02 1.566079999999999972e-01 9.762969999999999704e-01 1.493929999999999980e-01
0.000000000000000000e+00 4.000000000000000000e+02 1.603439999999999865e-01 8.327269999999999950e-01 5.299580000000000402e-01
0.000000000000000000e+00 4.000000000000000000e+02 -1.387629999999999975e-01 -5.577379999999999560e-01 8.183359999999999523e-01
0.000000000000000000e+00 4.000000000000000000e+02 -4.645920000000000050e-01 1.173369999999999969e-01 8.777169999999999694e-01
0.000000000000000000e+00 4.000000000000000000e+02 -1.624829999999999885e-01 3.929779999999999940e-01 9.050789999999999669e-01
0.000000000000000000e+00 4.000000000000000000e+02 1.840410000000000101e-01 2.701779999999999737e-01 9.450570000000000359e-01
0.000000000000000000e+00 4.000000000000000000e+02 -3.274380000000000068e-01 4.360069999999999779e-01 -8.382610000000000339e-01
0.000000000000000000e+00 4.000000000000000000e+02 7.403499999999999526e-01 -2.237089999999999912e-01 -6.339059999999999695e-01
0.000000000000000000e+00 4.000000000000000000e+02 7.768779999999999575e-01 -6.249259999999999815e-01 -7.699400000000000688e-02
0.000000000000000000e+00 4.000000000000000000e+02 -4.919299999999999784e-01 -8.698709999999999498e-01 3.644900000000000223e-02
0.000000000000000000e+00 4.000000000000000000e+02 7.488979999999999526e-01 -5.960870000000000335e-01 2.895369999999999888e-01
0.000000000000000000e+00 4.000000000000000000e+02 4.817330000000000223e-01 -4.628769999999999829e-01 -7.440959999999999797e-01
0.000000000000000000e+00 4.000000000000000000e+02 4.737219999999999764e-01 5.389549999999999619e-01 -6.965019999999999545e-01
0.000000000000000000e+00 4.000000000000000000e+02 1.533849999999999936e-01 -7.108510000000000106e-01 6.864139999999999686e-01
0.000000000000000000e+00 4.000000000000000000e+02 9.970860000000000278e-01 -7.531999999999999633e-03 -7.591100000000000625e-02
0.000000000000000000e+00 4.000000000000000000e+02 -1.889220000000000066e-01 -8.119359999999999911e-01 5.523299999999999876e-01
0.000000000000000000e+00 4.000000000000000000e+02 -7.894240000000000146e-01 -7.857200000000000295e-02 -6.087989999999999791e-01
0.000000000000000000e+00 4.000000000000000000e+02 -2.560399999999999829e-02 2.836650000000000005e-01 -9.585810000000000164e-01
0.000000000000000000e+00 4.000000000000000000e+02 8.902259999999999618e-01 4.731799999999999895e-02 -4.530540000000000123e-01
0.000000000000000000e+00 4.000000000000000000e+02 -7.593550000000000022e-01 -6.334969999999999768e-01 1.485269999999999924e-01
0.000000000000000000e+00 4.000000000000000000e+02 1.138679999999999970e-01 -4.243500000000000050e-02 -9.925890000000000546e-01
0.000000000000000000e+00 4.000000000000000000e+02 1.223660000000000025e-01 -6.913650000000000073e-01 -7.120689999999999520e-01
0.000000000000000000e+00 4.000000000000000000e+02 -1.843710000000000071e-01 -9.587599999999999456e-01 2.162999999999999923e-01
0.000000000000000000e+00 4.000000000000000000e+02 7.841390000000000304e-01 3.962919999999999776e-01 4.775760000000000005e-01
0.000000000000000000e+00 4.000000000000000000e+02 -9.109150000000000302e-01 3.009430000000000160e-01 2.822549999999999781e-01
0.000000000000000000e+00 4.000000000000000000e+02 -6.181759999999999478e-01 4.689909999999999912e-01 -6.307979999999999698e-01
0.000000000000000000e+00 4.000000000000000000e+02 7.095160000000000355e-01 -5.553670000000000551e-01 -4.337690000000000157e-01
0.000000000000000000e+00 4.000000000000000000e+02 -5.240160000000000373e-01 -6.012809999999999544e-01 -6.032149999999999457e-01
0.000000000000000000e+00 4.000000000000000000e+02 5.120540000000000092e-01 7.625420000000000531e-01 -3.953860000000000152e-01
0.000000000000000000e+00 4.000000000000000000e+02 -1.823490000000000111e-01 9.831680000000000419e-01 -1.137799999999999923e-02
0.000000000000000000e+00 4.000000000000000000e+02 6.689500000000000446e-01 1.650800000000000045e-01 -7.247440000000000548e-01
6.666666666666666288e+02 6.666666666666666288e+02 5.103579999999999783e-01 -3.873800000000000160e-02 -8.590889999999999915e-01
6.666666666666666288e+02 6.666666666666666288e+02 -1.707559999999999911e-01 -2.641580000000000039e-01 9.492429999999999479e-01
6.666666666666666288e+02 6.666666666666666288e+02 9.840769999999999795e-01 5.107400000000000134e-02 -1.702440000000000064e-01
6.666666666666666288e+02 6.666666666666666288e+02 -1.954809999999999881e-01 -9.788930000000000131e-01 5.963000000000000245e-02
6.666666666666666288e+02 6.666666666666666288e+02 -7.849599999999999911e-01 -2.342539999999999900e-01 -5.735529999999999795e-01
6.666666666666666288e+02 6.666666666666666288e+02 -5.669210000000000083e-01 -6.213330000000000242e-01 -5.408749999999999947e-01
6.666666666666666288e+02 6.666666666666666288e+02 -2.246849999999999958e-01 -8.908239999999999492e-01 -3.949030000000000040e-01
6.666666666666666288e+02 6.666666666666666288e+02 4.242770000000000152e-01 2.134590000000000098e-01 8.800139999999999629e-01
6.666666666666666288e+02 6.666666666666666288e+02 -6.751589999999999536e-01 1.948499999999999954e-01 -7.114730000000000221e-01
6.666666666666666288e+02 6.666666666666666288e+02 -3.894850000000000256e-01 -8.164639999999999675e-01 4.262489999999999890e-01
6.666666666666666288e+02 6.666666666666666288e+02 -8.959789999999999699e-01 -4.176150000000000140e-01 -1.510620000000000018e-01
6.666666666666666288e+02 6.666666666666666288e+02 3.775200000000000083e-02 6.690199999999999481e-01 -7.422849999999999726e-01
6.666666666666666288e+02 6.666666666666666288e+02 1.490239999999999898e-01 -9.136319999999999997e-01 3.782440000000000246e-01
6.666666666666666288e+02 6.666666666666666288e+02 5.083699999999999886e-01 4.796549999999999980e-01 -7.151859999999999884e-01
6.666666666666666288e+02 6.666666666666666288e+02 2.319029999999999980e-01 -9.652749999999999941e-01 -1.202690000000000009e-01
6.666666666666666288e+02 6.666666666666666288e+02 1.431669999999999887e-01 5.890370000000000328e-01 7.953230000000000022e-01
6.666666666666666288e+02 6.666666666666666288e+02 4.275630000000000264e-01 -6.334030000000000493e-01 6.449730000000000185e-01
6.666666666666666288e+02 6.666666666666666288e+02 5.724749999999999561e-01 -8.071049999999999613e-01 1.444060000000000066e-01
6.666666666666666288e+02 6.666666666666666288e+02 -6.138249999999999540e-01 7.124639999999999862e-01 3.400199999999999889e-01
6.666666666666666288e+02 6.666666666666666288e+02 -4.107899999999999746e-02 1.904160000000000019e-01 9.808440000000000492e-01
6.666666666666666288e+02 6.666666666666666288e+02 8.092719999999999914e-01 1.600070000000000103e-01 -5.652230000000000310e-01
6.666666666666666288e+02 6.666666666666666288e+02 -7.836629999999999985e-01 -5.473839999999999817e-01 2.936710000000000154e-01
6.666666666666666288e+02 6.666666666666666288e+02 7.869800000000000129e-01 -3.120689999999999853e-01 -5.322360000000000424e-01
6.666666666666666288e+02 6.666666666666666288e+02 7.877769999999999495e-01 -4.906820000000000070e-01 3.723409999999999775e-01
6.666666666666666288e+02 6.666666666666666288e+02 6.079780000000000184e-01 7.902069999999999927e-01 7.703799999999999537e-02
6.666666666666666288e+02 6.666666666666666288e+02 -3.944949999999999846e-01 4.771389999999999798e-01 7.853099999999999525e-01
6.666666666666666288e+02 6.666666666666666288e+02 -2.740779999999999883e-01 2.562099999999999933e-01 -9.269509999999999694e-01
6.666666666666666288e+02 6.666666666666666288e+02 -2.024279999999999968e-01 8.066900000000000182e-01 5.552249999999999686e-01
6.666666666666666288e+02 6.666666666666666288e+02 -8.992769999999999930e-01 4.292380000000000084e-01 8.399399999999999922e-02
6.666666666666666288e+02 6.666666666666666288e+02 -9.596829999999999528e-01 7.170300000000000284e-02 -2.717840000000000256e-01
0.000000000000000000e+00 1.000000000000000000e+03 -3.464920000000000222e-01 -6.806980000000000253e-01 -6.454410000000000425e-01
0.000000000000000000e+00 1.000000000000000000e+03 6.978020000000000334e-01 -2.835440000000000182e-01 -6.577800000000000313e-01
0.000000000000000000e+00 1.000000000000000000e+03 -7.388590000000000435e-01 6.625820000000000043e-01 1.227729999999999932e-01
0.000000000000000000e+00 1.000000000000000000e+03 2.998299999999999854e-01 -9.182160000000000322e-01 2.588070000000000093e-01
0.000000000000000000e+00 1.000000000000000000e+03 7.975590000000000179e-01 4.855289999999999884e-01 -3.579959999999999809e-01
0.000000000000000000e+00 1.000000000000000000e+03 2.515740000000000198e-01 7.963630000000000431e-01 -5.500150000000000317e-01
0.000000000000000000e+00 1.000000000000000000e+03 -5.513789999999999525e-01 -8.934400000000000674e-02 -8.294569999999999999e-01
0.000000000000000000e+00 1.000000000000000000e+03 -9.943440000000000056e-01 6.354300000000000226e-02 8.509700000000000597e-02
0.000000000000000000e+00 1.000000000000000000e+03 -3.642509999999999915e-01 -9.293019999999999614e-01 -6.099299999999999861e-02
0.000000000000000000e+00 1.000000000000000000e+03 -2.303139999999999910e-01 4.683669999999999778e-01 -8.529870000000000507e-01
0.000000000000000000e+00 1.000000000000000000e+03 2.417559999999999987e-01 -8.474420000000000286e-01 -4.726469999999999838e-01
0.000000000000000000e+00 1.000000000000000000e+03 -8.700399999999999801e-02 2.937330000000000219e-01 9.519199999999999884e-01
0.000000000000000000e+00 1.000000000000000000e+03 -8.509759999999999547e-01 -4.204370000000000052e-01 -3.147590000000000110e-01
0.000000000000000000e+00 1.000000000000000000e+03 4.161960000000000104e-01 2.540709999999999913e-01 -8.730569999999999720e-01
0.000000000000000000e+00 1.000000000000000000e+03 7.876929999999999765e-01 -3.930870000000000197e-01 4.743649999999999811e-01
