Total number of cylinders: 
2
Number of slices in each cylinder: 
50 50 
Cylinder  1:
Index, Center, Normal, Radius
1       -12.2858403621954917        -1.9323936832996196         0.0000000000000000         0.0000000000000000         0.0000000000000000         1.0000000000000000         9.7500000000000000
2       -12.2858403621954917        -1.9323936832996196         1.0000000000000000         0.0000000000000000        -0.0188484397154082         0.9998223523808090         9.9877641290737884
3       -12.2858403621954917        -1.9323936832996196         2.0000000000000000         0.0000000000000000        -0.0376901826699345         0.9992894726405892         9.8969463130731192
4       -12.2858403621954917        -1.9323936832996196         3.0000000000000000         0.0000000000000000        -0.0565185344820245         0.9984015501089750         9.6030536869268808
5       -12.2858403621954917        -1.9323936832996196         4.0000000000000000         0.0000000000000000        -0.0753268055279327         0.9971589002606139         9.5122358709262116
6       -12.2858403621954917        -1.9323936832996196         5.0000000000000000         0.0000000000000000        -0.0941083133185143         0.9955619646030800         9.7500000000000000
7       -12.2858403621954917        -1.9323936832996196         6.0000000000000000         0.0000000000000000        -0.1128563848734817         0.9936113105200084         9.9877641290737884
8       -12.2858403621954917        -1.9323936832996196         7.0000000000000000         0.0000000000000000        -0.1315643590922825         0.9913076310695066         9.8969463130731192
9       -12.2858403621954917        -1.9323936832996196         8.0000000000000000         0.0000000000000000        -0.1502255891207571         0.9886517447379141         9.6030536869268808
10       -12.2858403621954917        -1.9323936832996196         9.0000000000000000         0.0000000000000000        -0.1688334447127339         0.9856445951489980         9.5122358709262116
11       -12.2858403621954917        -1.9323936832996196        10.0000000000000000         0.0000000000000000        -0.1873813145857246         0.9822872507286887         9.7500000000000000
12       -12.2858403621954917        -1.9323936832996196        11.0000000000000000         0.0000000000000000        -0.2058626087698813         0.9785809043254721         9.9877641290737884
13       -12.2858403621954917        -1.9323936832996196        12.0000000000000000         0.0000000000000000        -0.2242707609493811         0.9745268727865771         9.8969463130731192
14       -12.2858403621954917        -1.9323936832996196        13.0000000000000000         0.0000000000000000        -0.2425992307954074         0.9701265964901058         9.6030536869268825
15       -12.2858403621954917        -1.9323936832996196        14.0000000000000000         0.0000000000000000        -0.2608415062898969         0.9653816388332739         9.5122358709262116
16       -12.2858403621954917        -1.9323936832996196        15.0000000000000000         0.0000000000000000        -0.2789911060392293         0.9602936856769431         9.7500000000000000
17       -12.2858403621954917        -1.9323936832996196        16.0000000000000000         0.0000000000000000        -0.2970415815770349         0.9548645447466430         9.9877641290737884
18       -12.2858403621954917        -1.9323936832996196        17.0000000000000000         0.0000000000000000        -0.3149865196553048         0.9490961449902946         9.8969463130731175
19       -12.2858403621954917        -1.9323936832996196        18.0000000000000000         0.0000000000000000        -0.3328195445229866         0.9429905358928645         9.6030536869268825
20       -12.2858403621954917        -1.9323936832996196        19.0000000000000000         0.0000000000000000        -0.3505343201912590         0.9365498867481924         9.5122358709262116
21       -12.2858403621954917        -1.9323936832996196        20.0000000000000000         0.0000000000000000        -0.3681245526846779         0.9297764858882515         9.7500000000000000
22       -12.2858403621954917        -1.9323936832996196        21.0000000000000000         0.0000000000000000        -0.3855839922773965         0.9226727398701149         9.9877641290737884
23       -12.2858403621954917        -1.9323936832996196        22.0000000000000000         0.0000000000000000        -0.4029064357136626         0.9152411726209175         9.8969463130731192
24       -12.2858403621954917        -1.9323936832996196        23.0000000000000000         0.0000000000000000        -0.4200857284118062         0.9074844245411169         9.6030536869268825
25       -12.2858403621954917        -1.9323936832996196        24.0000000000000000         0.0000000000000000        -0.4371157666509328         0.8994052515663711         9.5122358709262116
26       -12.2858403621954917        -1.9323936832996196        25.0000000000000000         0.0000000000000000        -0.4539904997395467         0.8910065241883679         9.7500000000000000
27       -12.2858403621954917        -1.9323936832996196        26.0000000000000000         0.0000000000000000        -0.4707039321653325         0.8822912264349533         9.9877641290737884
28       -12.2858403621954917        -1.9323936832996196        27.0000000000000000         0.0000000000000000        -0.4872501257253323         0.8732624548099202         9.8969463130731175
29       -12.2858403621954917        -1.9323936832996196        28.0000000000000000         0.0000000000000000        -0.5036232016357608         0.8639234171928353         9.6030536869268808
30       -12.2858403621954917        -1.9323936832996196        29.0000000000000000         0.0000000000000000        -0.5198173426207094         0.8542774316992952         9.5122358709262116
31       -12.2858403621954917        -1.9323936832996196        30.0000000000000000         0.0000000000000000        -0.5358267949789967         0.8443279255020151         9.7500000000000000
32       -12.2858403621954917        -1.9323936832996196        31.0000000000000000         0.0000000000000000        -0.5516458706284302         0.8340784336131712         9.9877641290737884
33       -12.2858403621954917        -1.9323936832996196        32.0000000000000000         0.0000000000000000        -0.5672689491267565         0.8235325976284275         9.8969463130731192
34       -12.2858403621954917        -1.9323936832996196        33.0000000000000000         0.0000000000000000        -0.5826904796685761         0.8126941644330939         9.6030536869268808
35       -12.2858403621954917        -1.9323936832996196        34.0000000000000000         0.0000000000000000        -0.5979049830575189         0.8015669848708765         9.5122358709262116
36       -12.2858403621954917        -1.9323936832996196        35.0000000000000000         0.0000000000000000        -0.6129070536529764         0.7901550123756904         9.7500000000000000
37       -12.2858403621954917        -1.9323936832996196        36.0000000000000000         0.0000000000000000        -0.6276913612907005         0.7784623015670235         9.9877641290737884
38       -12.2858403621954917        -1.9323936832996196        37.0000000000000000         0.0000000000000000        -0.6422526531765844         0.7664930068093498         9.8969463130731175
39       -12.2858403621954917        -1.9323936832996196        38.0000000000000000         0.0000000000000000        -0.6565857557529564         0.7542513807361039         9.6030536869268825
40       -12.2858403621954917        -1.9323936832996196        39.0000000000000000         0.0000000000000000        -0.6706855765367199         0.7417417727387393         9.5122358709262116
41       -12.2858403621954917        -1.9323936832996196        40.0000000000000000         0.0000000000000000        -0.6845471059286886         0.7289686274214116         9.7500000000000000
42       -12.2858403621954917        -1.9323936832996196        41.0000000000000000         0.0000000000000000        -0.6981654189934726         0.7159364830218312         9.9877641290737866
43       -12.2858403621954917        -1.9323936832996196        42.0000000000000000         0.0000000000000000        -0.7115356772092853         0.7026499697988493         9.8969463130731210
44       -12.2858403621954917        -1.9323936832996196        43.0000000000000000         0.0000000000000000        -0.7246531301870466         0.6891138083873486         9.6030536869268843
45       -12.2858403621954917        -1.9323936832996196        44.0000000000000000         0.0000000000000000        -0.7375131173581738         0.6753328081210245         9.5122358709262116
46       -12.2858403621954917        -1.9323936832996196        45.0000000000000000         0.0000000000000000        -0.7501110696304595         0.6613118653236519         9.7500000000000000
47       -12.2858403621954917        -1.9323936832996196        46.0000000000000000         0.0000000000000000        -0.7624425110114479         0.6470559615694443         9.9877641290737884
48       -12.2858403621954917        -1.9323936832996196        47.0000000000000000         0.0000000000000000        -0.7745030601987337         0.6325701619131247         9.8969463130731210
49       -12.2858403621954917        -1.9323936832996196        48.0000000000000000         0.0000000000000000        -0.7862884321366188         0.6178596130903344         9.6030536869268825
50       -12.2858403621954917        -1.9323936832996196        49.0000000000000000         0.0000000000000000        -0.7977944395385710         0.6029295416890248         9.5122358709262116
51       -12.2858403621954917        -1.9323936832996196        50.0000000000000000         0.0000000000000000        -0.8090169943749475         0.5877852522924731         9.7500000000000000
Cylinder  2:
Index, Center, Normal, Radius
1         9.3433795444433763        -1.8864181844119374         0.0000000000000000         0.0000000000000000         0.0000000000000000         1.0000000000000000         9.6377564929716613
2         9.3433795444433763        -1.8864181844119374         1.0000000000000000         0.0000000000000000        -0.0188484397154082         0.9998223523808090         9.8727834446410618
3         9.3433795444433763        -1.8864181844119374         2.0000000000000000         0.0000000000000000        -0.0376901826699345         0.9992894726405892         9.7830111373756292
4         9.3433795444433763        -1.8864181844119374         3.0000000000000000         0.0000000000000000        -0.0565185344820245         0.9984015501089750         9.4925018485676933
5         9.3433795444433763        -1.8864181844119374         4.0000000000000000         0.0000000000000000        -0.0753268055279327         0.9971589002606139         9.4027295413022607
6         9.3433795444433763        -1.8864181844119374         5.0000000000000000         0.0000000000000000        -0.0941083133185143         0.9955619646030800         9.6377564929716613
7         9.3433795444433763        -1.8864181844119374         6.0000000000000000         0.0000000000000000        -0.1128563848734817         0.9936113105200084         9.8727834446410618
8         9.3433795444433763        -1.8864181844119374         7.0000000000000000         0.0000000000000000        -0.1315643590922825         0.9913076310695066         9.7830111373756292
9         9.3433795444433763        -1.8864181844119374         8.0000000000000000         0.0000000000000000        -0.1502255891207571         0.9886517447379141         9.4925018485676933
10         9.3433795444433763        -1.8864181844119374         9.0000000000000000         0.0000000000000000        -0.1688334447127339         0.9856445951489980         9.4027295413022607
11         9.3433795444433763        -1.8864181844119374        10.0000000000000000         0.0000000000000000        -0.1873813145857246         0.9822872507286887         9.6377564929716613
12         9.3433795444433763        -1.8864181844119374        11.0000000000000000         0.0000000000000000        -0.2058626087698813         0.9785809043254721         9.8727834446410618
13         9.3433795444433763        -1.8864181844119374        12.0000000000000000         0.0000000000000000        -0.2242707609493811         0.9745268727865771         9.7830111373756292
14         9.3433795444433763        -1.8864181844119374        13.0000000000000000         0.0000000000000000        -0.2425992307954074         0.9701265964901058         9.4925018485676933
15         9.3433795444433763        -1.8864181844119374        14.0000000000000000         0.0000000000000000        -0.2608415062898969         0.9653816388332739         9.4027295413022607
16         9.3433795444433763        -1.8864181844119374        15.0000000000000000         0.0000000000000000        -0.2789911060392293         0.9602936856769431         9.6377564929716613
17         9.3433795444433763        -1.8864181844119374        16.0000000000000000         0.0000000000000000        -0.2970415815770349         0.9548645447466430         9.8727834446410618
18         9.3433795444433763        -1.8864181844119374        17.0000000000000000         0.0000000000000000        -0.3149865196553048         0.9490961449902946         9.7830111373756292
19         9.3433795444433763        -1.8864181844119374        18.0000000000000000         0.0000000000000000        -0.3328195445229866         0.9429905358928645         9.4925018485676933
20         9.3433795444433763        -1.8864181844119374        19.0000000000000000         0.0000000000000000        -0.3505343201912590         0.9365498867481924         9.4027295413022607
21         9.3433795444433763        -1.8864181844119374        20.0000000000000000         0.0000000000000000        -0.3681245526846779         0.9297764858882515         9.6377564929716613
22         9.3433795444433763        -1.8864181844119374        21.0000000000000000         0.0000000000000000        -0.3855839922773965         0.9226727398701149         9.8727834446410618
23         9.3433795444433763        -1.8864181844119374        22.0000000000000000         0.0000000000000000        -0.4029064357136626         0.9152411726209175         9.7830111373756292
24         9.3433795444433763        -1.8864181844119374        23.0000000000000000         0.0000000000000000        -0.4200857284118062         0.9074844245411169         9.4925018485676933
25         9.3433795444433763        -1.8864181844119374        24.0000000000000000         0.0000000000000000        -0.4371157666509328         0.8994052515663711         9.4027295413022607
26         9.3433795444433763        -1.8864181844119374        25.0000000000000000         0.0000000000000000        -0.4539904997395467         0.8910065241883679         9.6377564929716613
27         9.3433795444433763        -1.8864181844119374        26.0000000000000000         0.0000000000000000        -0.4707039321653325         0.8822912264349533         9.8727834446410618
28         9.3433795444433763        -1.8864181844119374        27.0000000000000000         0.0000000000000000        -0.4872501257253323         0.8732624548099202         9.7830111373756292
29         9.3433795444433763        -1.8864181844119374        28.0000000000000000         0.0000000000000000        -0.5036232016357608         0.8639234171928353         9.4925018485676915
30         9.3433795444433763        -1.8864181844119374        29.0000000000000000         0.0000000000000000        -0.5198173426207094         0.8542774316992952         9.4027295413022607
31         9.3433795444433763        -1.8864181844119374        30.0000000000000000         0.0000000000000000        -0.5358267949789967         0.8443279255020151         9.6377564929716613
32         9.3433795444433763        -1.8864181844119374        31.0000000000000000         0.0000000000000000        -0.5516458706284302         0.8340784336131712         9.8727834446410618
33         9.3433795444433763        -1.8864181844119374        32.0000000000000000         0.0000000000000000        -0.5672689491267565         0.8235325976284275         9.7830111373756292
34         9.3433795444433763        -1.8864181844119374        33.0000000000000000         0.0000000000000000        -0.5826904796685761         0.8126941644330939         9.4925018485676915
35         9.3433795444433763        -1.8864181844119374        34.0000000000000000         0.0000000000000000        -0.5979049830575189         0.8015669848708765         9.4027295413022607
36         9.3433795444433763        -1.8864181844119374        35.0000000000000000         0.0000000000000000        -0.6129070536529764         0.7901550123756904         9.6377564929716613
37         9.3433795444433763        -1.8864181844119374        36.0000000000000000         0.0000000000000000        -0.6276913612907005         0.7784623015670235         9.8727834446410618
38         9.3433795444433763        -1.8864181844119374        37.0000000000000000         0.0000000000000000        -0.6422526531765844         0.7664930068093498         9.7830111373756292
39         9.3433795444433763        -1.8864181844119374        38.0000000000000000         0.0000000000000000        -0.6565857557529564         0.7542513807361039         9.4925018485676933
40         9.3433795444433763        -1.8864181844119374        39.0000000000000000         0.0000000000000000        -0.6706855765367199         0.7417417727387393         9.4027295413022607
41         9.3433795444433763        -1.8864181844119374        40.0000000000000000         0.0000000000000000        -0.6845471059286886         0.7289686274214116         9.6377564929716613
42         9.3433795444433763        -1.8864181844119374        41.0000000000000000         0.0000000000000000        -0.6981654189934726         0.7159364830218312         9.8727834446410618
43         9.3433795444433763        -1.8864181844119374        42.0000000000000000         0.0000000000000000        -0.7115356772092853         0.7026499697988493         9.7830111373756328
44         9.3433795444433763        -1.8864181844119374        43.0000000000000000         0.0000000000000000        -0.7246531301870466         0.6891138083873486         9.4925018485676951
45         9.3433795444433763        -1.8864181844119374        44.0000000000000000         0.0000000000000000        -0.7375131173581738         0.6753328081210245         9.4027295413022607
46         9.3433795444433763        -1.8864181844119374        45.0000000000000000         0.0000000000000000        -0.7501110696304595         0.6613118653236519         9.6377564929716613
47         9.3433795444433763        -1.8864181844119374        46.0000000000000000         0.0000000000000000        -0.7624425110114479         0.6470559615694443         9.8727834446410618
48         9.3433795444433763        -1.8864181844119374        47.0000000000000000         0.0000000000000000        -0.7745030601987337         0.6325701619131247         9.7830111373756328
49         9.3433795444433763        -1.8864181844119374        48.0000000000000000         0.0000000000000000        -0.7862884321366188         0.6178596130903344         9.4925018485676933
50         9.3433795444433763        -1.8864181844119374        49.0000000000000000         0.0000000000000000        -0.7977944395385710         0.6029295416890248         9.4027295413022607
51         9.3433795444433763        -1.8864181844119374        50.0000000000000000         0.0000000000000000        -0.8090169943749475         0.5877852522924731         9.6377564929716613
