Total number of cylinders: 
2
Number of slices in each cylinder: 
20 20 
Cylinder  1:
Index, Center, Normal, Radius
1        -0.7062538418330435         1.4108008235533518        -5.0000000000000000         0.0000000000000000         0.0000000000000000         1.0000000000000000         2.0000000000000000
2        -0.7062538418330435         1.4108008235533518        -4.5000000000000000         0.0000000000000000         0.0000000000000000         1.0000000000000000         2.0000000000000000
3        -0.7062538418330435         1.4108008235533518        -4.0000000000000000         0.0000000000000000         0.0000000000000000         1.0000000000000000         2.0000000000000000
4        -0.7062538418330435         1.4108008235533518        -3.5000000000000000         0.0000000000000000         0.0000000000000000         1.0000000000000000         2.0000000000000000
5        -0.7062538418330435         1.4108008235533518        -3.0000000000000000         0.0000000000000000         0.0000000000000000         1.0000000000000000         2.0000000000000000
6        -0.7062538418330435         1.4108008235533518        -2.5000000000000000         0.0000000000000000         0.0000000000000000         1.0000000000000000         2.0000000000000000
7        -0.7062538418330435         1.4108008235533518        -2.0000000000000000         0.0000000000000000         0.0000000000000000         1.0000000000000000         2.0000000000000000
8        -0.7062538418330435         1.4108008235533518        -1.5000000000000000         0.0000000000000000         0.0000000000000000         1.0000000000000000         2.0000000000000000
9        -0.7062538418330435         1.4108008235533518        -1.0000000000000000         0.0000000000000000         0.0000000000000000         1.0000000000000000         2.0000000000000000
10        -0.7062538418330435         1.4108008235533518        -0.5000000000000000         0.0000000000000000         0.0000000000000000         1.0000000000000000         2.0000000000000000
11        -0.7062538418330435         1.4108008235533518         0.0000000000000000         0.0000000000000000         0.0000000000000000         1.0000000000000000         2.0000000000000000
12        -0.7062538418330435         1.4108008235533518         0.5000000000000000         0.0000000000000000         0.0000000000000000         1.0000000000000000         2.0000000000000000
13        -0.7062538418330435         1.4108008235533518         1.0000000000000000         0.0000000000000000         0.0000000000000000         1.0000000000000000         2.0000000000000000
14        -0.7062538418330435         1.4108008235533518         1.5000000000000000         0.0000000000000000         0.0000000000000000         1.0000000000000000         2.0000000000000000
15        -0.7062538418330435         1.4108008235533518         2.0000000000000000         0.0000000000000000         0.0000000000000000         1.0000000000000000         2.0000000000000000
16        -0.7062538418330435         1.4108008235533518         2.5000000000000000         0.0000000000000000         0.0000000000000000         1.0000000000000000         2.0000000000000000
17        -0.7062538418330435         1.4108008235533518         3.0000000000000000         0.0000000000000000         0.0000000000000000         1.0000000000000000         2.0000000000000000
18        -0.7062538418330435         1.4108008235533518         3.5000000000000000         0.0000000000000000         0.0000000000000000         1.0000000000000000         2.0000000000000000
19        -0.7062538418330435         1.4108008235533518         4.0000000000000000         0.0000000000000000         0.0000000000000000         1.0000000000000000         2.0000000000000000
20        -0.7062538418330435         1.4108008235533518         4.5000000000000000         0.0000000000000000         0.0000000000000000         1.0000000000000000         2.0000000000000000
21        -0.7062538418330435         1.4108008235533518         5.0000000000000000         0.0000000000000000         0.0000000000000000         1.0000000000000000         2.0000000000000000
Cylinder  2:
Index, Center, Normal, Radius
1         1.1391232279481542        -1.8436702096684634        -5.0000000000000000         0.0000000000000000         0.0000000000000000         1.0000000000000000         1.5671306138848891
2         1.1391232279481542        -1.8436702096684634        -4.5000000000000000         0.0000000000000000         0.0000000000000000         1.0000000000000000         1.5671306138848891
3         1.1391232279481542        -1.8436702096684634        -4.0000000000000000         0.0000000000000000         0.0000000000000000         1.0000000000000000         1.5671306138848891
4         1.1391232279481542        -1.8436702096684634        -3.5000000000000000         0.0000000000000000         0.0000000000000000         1.0000000000000000         1.5671306138848891
5         1.1391232279481542        -1.8436702096684634        -3.0000000000000000         0.0000000000000000         0.0000000000000000         1.0000000000000000         1.5671306138848891
6         1.1391232279481542        -1.8436702096684634        -2.5000000000000000         0.0000000000000000         0.0000000000000000         1.0000000000000000         1.5671306138848891
7         1.1391232279481542        -1.8436702096684634        -2.0000000000000000         0.0000000000000000         0.0000000000000000         1.0000000000000000         1.5671306138848891
8         1.1391232279481542        -1.8436702096684634        -1.5000000000000000         0.0000000000000000         0.0000000000000000         1.0000000000000000         1.5671306138848891
9         1.1391232279481542        -1.8436702096684634        -1.0000000000000000         0.0000000000000000         0.0000000000000000         1.0000000000000000         1.5671306138848891
10         1.1391232279481542        -1.8436702096684634        -0.5000000000000000         0.0000000000000000         0.0000000000000000         1.0000000000000000         1.5671306138848891
11         1.1391232279481542        -1.8436702096684634         0.0000000000000000         0.0000000000000000         0.0000000000000000         1.0000000000000000         1.5671306138848891
12         1.1391232279481542        -1.8436702096684634         0.5000000000000000         0.0000000000000000         0.0000000000000000         1.0000000000000000         1.5671306138848891
13         1.1391232279481542        -1.8436702096684634         1.0000000000000000         0.0000000000000000         0.0000000000000000         1.0000000000000000         1.5671306138848891
14         1.1391232279481542        -1.8436702096684634         1.5000000000000000         0.0000000000000000         0.0000000000000000         1.0000000000000000         1.5671306138848891
15         1.1391232279481542        -1.8436702096684634         2.0000000000000000         0.0000000000000000         0.0000000000000000         1.0000000000000000         1.5671306138848891
16         1.1391232279481542        -1.8436702096684634         2.5000000000000000         0.0000000000000000         0.0000000000000000         1.0000000000000000         1.5671306138848891
17         1.1391232279481542        -1.8436702096684634         3.0000000000000000         0.0000000000000000         0.0000000000000000         1.0000000000000000         1.5671306138848891
18         1.1391232279481542        -1.8436702096684634         3.5000000000000000         0.0000000000000000         0.0000000000000000         1.0000000000000000         1.5671306138848891
19         1.1391232279481542        -1.8436702096684634         4.0000000000000000         0.0000000000000000         0.0000000000000000         1.0000000000000000         1.5671306138848891
20         1.1391232279481542        -1.8436702096684634         4.5000000000000000         0.0000000000000000         0.0000000000000000         1.0000000000000000         1.5671306138848891
21         1.1391232279481542        -1.8436702096684634         5.0000000000000000         0.0000000000000000         0.0000000000000000         1.0000000000000000         1.5671306138848891
