Total number of cylinders: 
2
Number of slices in each cylinder: 
50 50 
Cylinder  1:
Index, Center, Normal, Radius
1        25.7319868249318731         0.1816727805324942         0.0000000000000000         0.0000000000000000         0.0000000000000000         1.0000000000000000         4.0000000000000000
2        25.6692065196131445        -0.1975361051760225         1.0000000000000000         0.0000000000000000         0.0000000000000000         1.0000000000000000         4.0000000000000000
3        25.4831768207829654        -0.0465463601574097         2.0000000000000000         0.0000000000000000         0.0000000000000000         1.0000000000000000         4.0000000000000000
4        25.2423184442133319         0.3834799839876462         3.0000000000000000         0.0000000000000000         0.0000000000000000         1.0000000000000000         4.0000000000000000
5        25.7407495470675158         0.0539983679286821         4.0000000000000000         0.0000000000000000         0.0000000000000000         1.0000000000000000         4.0000000000000000
6        25.2577283255304224         0.5006583101361162         5.0000000000000000         0.0000000000000000         0.0000000000000000         1.0000000000000000         4.0000000000000000
7        25.2253577363941695         0.3987767627631107         6.0000000000000000         0.0000000000000000         0.0000000000000000         1.0000000000000000         4.0000000000000000
8        25.3091083686163536         0.1467988739200979         7.0000000000000000         0.0000000000000000         0.0000000000000000         1.0000000000000000         4.0000000000000000
9        25.2856068866255193         0.0012083736617638         8.0000000000000000         0.0000000000000000         0.0000000000000000         1.0000000000000000         4.0000000000000000
10        25.3624039746746206         0.0856112241125737         9.0000000000000000         0.0000000000000000         0.0000000000000000         1.0000000000000000         4.0000000000000000
11        25.2943779553286916         0.0814021205092343        10.0000000000000000         0.0000000000000000         0.0000000000000000         1.0000000000000000         4.0000000000000000
12        25.5077383459801439         0.4234989790812344        11.0000000000000000         0.0000000000000000         0.0000000000000000         1.0000000000000000         4.0000000000000000
13        25.5650036719572178         0.5004951866011195        12.0000000000000000         0.0000000000000000         0.0000000000000000         1.0000000000000000         4.0000000000000000
14        25.3297869336026480        -0.0074073011623341        13.0000000000000000         0.0000000000000000         0.0000000000000000         1.0000000000000000         4.0000000000000000
15        25.7612246123131357         0.2465524255404520        14.0000000000000000         0.0000000000000000         0.0000000000000000         1.0000000000000000         4.0000000000000000
16        25.9675140660460251         0.4197403898499444        15.0000000000000000         0.0000000000000000         0.0000000000000000         1.0000000000000000         4.0000000000000000
17        25.3183798405827822         0.4682469164974795        16.0000000000000000         0.0000000000000000         0.0000000000000000         1.0000000000000000         4.0000000000000000
18        25.6374974198797965         0.3067188397771413        17.0000000000000000         0.0000000000000000         0.0000000000000000         1.0000000000000000         4.0000000000000000
19        25.4015849360738493         0.0149899939557739        18.0000000000000000         0.0000000000000000         0.0000000000000000         1.0000000000000000         4.0000000000000000
20        25.4505311994705892         0.1858440263924143        19.0000000000000000         0.0000000000000000         0.0000000000000000         1.0000000000000000         4.0000000000000000
21        25.4513984363174863         0.5254287961009032        20.0000000000000000         0.0000000000000000         0.0000000000000000         1.0000000000000000         4.0000000000000000
22        25.9788510745745000         0.5457974438143782        21.0000000000000000         0.0000000000000000         0.0000000000000000         1.0000000000000000         4.0000000000000000
23        25.3765427856879136         0.5631834474263490        22.0000000000000000         0.0000000000000000         0.0000000000000000         1.0000000000000000         4.0000000000000000
24        25.5896949219255596         0.2247768098289609        23.0000000000000000         0.0000000000000000         0.0000000000000000         1.0000000000000000         4.0000000000000000
25        25.3310198815343135         0.3207222053537139        24.0000000000000000         0.0000000000000000         0.0000000000000000         1.0000000000000000         4.0000000000000000
26        25.4521718573100948         0.5603194986955226        25.0000000000000000         0.0000000000000000         0.0000000000000000         1.0000000000000000         4.0000000000000000
27        26.0057708453007805         0.3352631408860062        26.0000000000000000         0.0000000000000000         0.0000000000000000         1.0000000000000000         4.0000000000000000
28        25.8815134992723408         0.0078790170711670        27.0000000000000000         0.0000000000000000         0.0000000000000000         1.0000000000000000         4.0000000000000000
29        25.4956928587136353        -0.1147261199205377        28.0000000000000000         0.0000000000000000         0.0000000000000000         1.0000000000000000         4.0000000000000000
30        25.4342794731925927         0.3481624931477101        29.0000000000000000         0.0000000000000000         0.0000000000000000         1.0000000000000000         4.0000000000000000
31        25.2842942398713788         0.2840089860763200        30.0000000000000000         0.0000000000000000         0.0000000000000000         1.0000000000000000         4.0000000000000000
32        25.7060392016825894         0.1814308002232935        31.0000000000000000         0.0000000000000000         0.0000000000000000         1.0000000000000000         4.0000000000000000
33        25.2351148088418817         0.5915442588464773        32.0000000000000000         0.0000000000000000         0.0000000000000000         1.0000000000000000         4.0000000000000000
34        25.3158617005404842         0.3003819919412378        33.0000000000000000         0.0000000000000000         0.0000000000000000         1.0000000000000000         4.0000000000000000
35        25.6891870473607824         0.1591890328619213        34.0000000000000000         0.0000000000000000         0.0000000000000000         1.0000000000000000         4.0000000000000000
36        25.9481869925242989         0.2094212057508293        35.0000000000000000         0.0000000000000000         0.0000000000000000         1.0000000000000000         4.0000000000000000
37        25.6333464961347346         0.4489809949461495        36.0000000000000000         0.0000000000000000         0.0000000000000000         1.0000000000000000         4.0000000000000000
38        25.3311824208173206        -0.0819073280311194        37.0000000000000000         0.0000000000000000         0.0000000000000000         1.0000000000000000         4.0000000000000000
39        25.7382739265039184         0.0292806098427832        38.0000000000000000         0.0000000000000000         0.0000000000000000         1.0000000000000000         4.0000000000000000
40        25.1918640413588690        -0.0138101208779765        39.0000000000000000         0.0000000000000000         0.0000000000000000         1.0000000000000000         4.0000000000000000
41        25.6828288995698202         0.1339346387001251        40.0000000000000000         0.0000000000000000         0.0000000000000000         1.0000000000000000         4.0000000000000000
42        25.3843170682044708         0.4409185817523931        41.0000000000000000         0.0000000000000000         0.0000000000000000         1.0000000000000000         4.0000000000000000
43        25.2412068087875241         0.3145622274924015        42.0000000000000000         0.0000000000000000         0.0000000000000000         1.0000000000000000         4.0000000000000000
44        25.9535544299334440         0.5312532404646683        43.0000000000000000         0.0000000000000000         0.0000000000000000         1.0000000000000000         4.0000000000000000
45        25.4319814430237621         0.2039524801967055        44.0000000000000000         0.0000000000000000         0.0000000000000000         1.0000000000000000         4.0000000000000000
46        25.7498790678421372         0.0610342408949852        45.0000000000000000         0.0000000000000000         0.0000000000000000         1.0000000000000000         4.0000000000000000
47        25.5779768090251736         0.3407645636084531        46.0000000000000000         0.0000000000000000         0.0000000000000000         1.0000000000000000         4.0000000000000000
48        25.5847781674498052         0.5303537405580003        47.0000000000000000         0.0000000000000000         0.0000000000000000         1.0000000000000000         4.0000000000000000
49        25.5510034592828283         0.0265736290565244        48.0000000000000000         0.0000000000000000         0.0000000000000000         1.0000000000000000         4.0000000000000000
50        25.7138054157764557         0.5384404711790527        49.0000000000000000         0.0000000000000000         0.0000000000000000         1.0000000000000000         4.0000000000000000
51        25.6330680053482283         0.3571861758785788        50.0000000000000000         0.0000000000000000         0.0000000000000000         1.0000000000000000         4.0000000000000000
Cylinder  2:
Index, Center, Normal, Radius
1        33.2145890015610874        -5.2928021710535713         0.0000000000000000         0.0000000000000000         0.0000000000000000         1.0000000000000000         4.1631272203402521
2        33.1233173398815879        -5.1794234937398596         1.0000000000000000         0.0000000000000000         0.0000000000000000         1.0000000000000000         4.1631272203402521
3        32.9041457224518510        -5.7738227060061948         2.0000000000000000         0.0000000000000000         0.0000000000000000         1.0000000000000000         4.1631272203402521
4        32.5746753343112587        -5.3475446866967999         3.0000000000000000         0.0000000000000000         0.0000000000000000         1.0000000000000000         4.1631272203402521
5        33.1831730469805777        -5.2467060334733793         4.0000000000000000         0.0000000000000000         0.0000000000000000         1.0000000000000000         4.1631272203402521
6        33.2187218494268137        -5.6465474182835100         5.0000000000000000         0.0000000000000000         0.0000000000000000         1.0000000000000000         4.1631272203402521
7        32.6252827372200827        -5.2019993339968140         6.0000000000000000         0.0000000000000000         0.0000000000000000         1.0000000000000000         4.1631272203402521
8        32.6777225165297054        -5.6033835559785645         7.0000000000000000         0.0000000000000000         0.0000000000000000         1.0000000000000000         4.1631272203402521
9        32.8657721538718590        -5.0868961278804221         8.0000000000000000         0.0000000000000000         0.0000000000000000         1.0000000000000000         4.1631272203402521
10        32.7424888522393758        -5.4236646621498252         9.0000000000000000         0.0000000000000000         0.0000000000000000         1.0000000000000000         4.1631272203402521
11        32.4995952441064375        -5.7133894483408563        10.0000000000000000         0.0000000000000000         0.0000000000000000         1.0000000000000000         4.1631272203402521
12        32.6538089445225239        -5.4017555753580542        11.0000000000000000         0.0000000000000000         0.0000000000000000         1.0000000000000000         4.1631272203402521
13        33.2365828735275599        -5.7224755301136936        12.0000000000000000         0.0000000000000000         0.0000000000000000         1.0000000000000000         4.1631272203402521
14        32.8476601147217906        -5.5182138816714232        13.0000000000000000         0.0000000000000000         0.0000000000000000         1.0000000000000000         4.1631272203402521
15        33.1874696732464614        -5.0604282117646120        14.0000000000000000         0.0000000000000000         0.0000000000000000         1.0000000000000000         4.1631272203402521
16        32.5920859403956129        -5.4707296377662722        15.0000000000000000         0.0000000000000000         0.0000000000000000         1.0000000000000000         4.1631272203402521
17        32.9520077421461579        -5.0866026150126329        16.0000000000000000         0.0000000000000000         0.0000000000000000         1.0000000000000000         4.1631272203402521
18        32.9067813549651049        -5.7672579198854592        17.0000000000000000         0.0000000000000000         0.0000000000000000         1.0000000000000000         4.1631272203402521
19        33.2572160903842047        -5.3186489738110367        18.0000000000000000         0.0000000000000000         0.0000000000000000         1.0000000000000000         4.1631272203402521
20        32.4715519726207873        -5.5291989358299301        19.0000000000000000         0.0000000000000000         0.0000000000000000         1.0000000000000000         4.1631272203402521
21        32.9135285541873515        -5.3936046748953048        20.0000000000000000         0.0000000000000000         0.0000000000000000         1.0000000000000000         4.1631272203402521
22        33.0733698317905649        -5.5622693676082235        21.0000000000000000         0.0000000000000000         0.0000000000000000         1.0000000000000000         4.1631272203402521
23        33.2008063937609350        -5.1205161723338337        22.0000000000000000         0.0000000000000000         0.0000000000000000         1.0000000000000000         4.1631272203402521
24        32.9535700004767449        -5.2998897914401821        23.0000000000000000         0.0000000000000000         0.0000000000000000         1.0000000000000000         4.1631272203402521
25        33.1092806660228618        -5.1568600108332134        24.0000000000000000         0.0000000000000000         0.0000000000000000         1.0000000000000000         4.1631272203402521
26        33.0125900412160220        -5.5232365220234616        25.0000000000000000         0.0000000000000000         0.0000000000000000         1.0000000000000000         4.1631272203402521
27        33.1606294828760753        -5.6525579832932262        26.0000000000000000         0.0000000000000000         0.0000000000000000         1.0000000000000000         4.1631272203402521
28        32.7638199228740277        -5.1979292181065881        27.0000000000000000         0.0000000000000000         0.0000000000000000         1.0000000000000000         4.1631272203402521
29        32.5495118180411040        -5.5438271214127361        28.0000000000000000         0.0000000000000000         0.0000000000000000         1.0000000000000000         4.1631272203402521
30        32.5677580531532485        -5.1015607775392731        29.0000000000000000         0.0000000000000000         0.0000000000000000         1.0000000000000000         4.1631272203402521
31        33.1668718348596698        -5.2545669084566313        30.0000000000000000         0.0000000000000000         0.0000000000000000         1.0000000000000000         4.1631272203402521
32        32.6104357018372824        -5.7008273171554462        31.0000000000000000         0.0000000000000000         0.0000000000000000         1.0000000000000000         4.1631272203402521
33        33.1101389235830013        -5.7346196111017367        32.0000000000000000         0.0000000000000000         0.0000000000000000         1.0000000000000000         4.1631272203402521
34        32.5701952899789404        -5.7909596478965293        33.0000000000000000         0.0000000000000000         0.0000000000000000         1.0000000000000000         4.1631272203402521
35        33.2327790426001357        -5.5180454713705824        34.0000000000000000         0.0000000000000000         0.0000000000000000         1.0000000000000000         4.1631272203402521
36        32.4809335610412688        -5.3809562457953000        35.0000000000000000         0.0000000000000000         0.0000000000000000         1.0000000000000000         4.1631272203402521
37        32.6237102866621385        -5.7097709491975612        36.0000000000000000         0.0000000000000000         0.0000000000000000         1.0000000000000000         4.1631272203402521
38        33.1914181945628499        -5.7797783320418192        37.0000000000000000         0.0000000000000000         0.0000000000000000         1.0000000000000000         4.1631272203402521
39        32.8747568207758007        -5.6803064257175988        38.0000000000000000         0.0000000000000000         0.0000000000000000         1.0000000000000000         4.1631272203402521
40        33.2798552318697531        -5.3586759283902330        39.0000000000000000         0.0000000000000000         0.0000000000000000         1.0000000000000000         4.1631272203402521
41        32.9192787988933091        -5.6592183137440033        40.0000000000000000         0.0000000000000000         0.0000000000000000         1.0000000000000000         4.1631272203402521
42        32.8959841524053971        -5.7477792780697454        41.0000000000000000         0.0000000000000000         0.0000000000000000         1.0000000000000000         4.1631272203402521
43        32.5109759671136160        -5.4161082942103036        42.0000000000000000         0.0000000000000000         0.0000000000000000         1.0000000000000000         4.1631272203402521
44        33.2928778359200948        -5.2394730320274689        43.0000000000000000         0.0000000000000000         0.0000000000000000         1.0000000000000000         4.1631272203402521
45        33.2039815308592381        -5.3174871121902285        44.0000000000000000         0.0000000000000000         0.0000000000000000         1.0000000000000000         4.1631272203402521
46        32.6248250998985085        -5.1955120616038144        45.0000000000000000         0.0000000000000000         0.0000000000000000         1.0000000000000000         4.1631272203402521
47        32.7933014895641932        -5.4062342719608036        46.0000000000000000         0.0000000000000000         0.0000000000000000         1.0000000000000000         4.1631272203402521
48        33.2312086873856174        -5.1610849009588220        47.0000000000000000         0.0000000000000000         0.0000000000000000         1.0000000000000000         4.1631272203402521
49        33.2395423033374655        -5.5041930973597459        48.0000000000000000         0.0000000000000000         0.0000000000000000         1.0000000000000000         4.1631272203402521
50        32.7897103401568941        -5.1426678091571789        49.0000000000000000         0.0000000000000000         0.0000000000000000         1.0000000000000000         4.1631272203402521
51        32.6816111601540271        -5.7451531017966397        50.0000000000000000         0.0000000000000000         0.0000000000000000         1.0000000000000000         4.1631272203402521
