Total number of cylinders: 
4
Number of slices in each cylinder: 
20 20 20 20 
Cylinder  1:
Index, Center, Normal, Radius
1        -1.0094561680972838         2.9173085613750604        -5.0000000000000000         0.0000000000000000         0.0000000000000000         1.0000000000000000         2.0000000000000000
2        -1.0094561680972838         2.9173085613750604        -4.5000000000000000         0.0000000000000000         0.0000000000000000         1.0000000000000000         2.0000000000000000
3        -1.0094561680972838         2.9173085613750604        -4.0000000000000000         0.0000000000000000         0.0000000000000000         1.0000000000000000         2.0000000000000000
4        -1.0094561680972838         2.9173085613750604        -3.5000000000000000         0.0000000000000000         0.0000000000000000         1.0000000000000000         2.0000000000000000
5        -1.0094561680972838         2.9173085613750604        -3.0000000000000000         0.0000000000000000         0.0000000000000000         1.0000000000000000         2.0000000000000000
6        -1.0094561680972838         2.9173085613750604        -2.5000000000000000         0.0000000000000000         0.0000000000000000         1.0000000000000000         2.0000000000000000
7        -1.0094561680972838         2.9173085613750604        -2.0000000000000000         0.0000000000000000         0.0000000000000000         1.0000000000000000         2.0000000000000000
8        -1.0094561680972838         2.9173085613750604        -1.5000000000000000         0.0000000000000000         0.0000000000000000         1.0000000000000000         2.0000000000000000
9        -1.0094561680972838         2.9173085613750604        -1.0000000000000000         0.0000000000000000         0.0000000000000000         1.0000000000000000         2.0000000000000000
10        -1.0094561680972838         2.9173085613750604        -0.5000000000000000         0.0000000000000000         0.0000000000000000         1.0000000000000000         2.0000000000000000
11        -1.0094561680972838         2.9173085613750604         0.0000000000000000         0.0000000000000000         0.0000000000000000         1.0000000000000000         2.0000000000000000
12        -1.0094561680972838         2.9173085613750604         0.5000000000000000         0.0000000000000000         0.0000000000000000         1.0000000000000000         2.0000000000000000
13        -1.0094561680972838         2.9173085613750604         1.0000000000000000         0.0000000000000000         0.0000000000000000         1.0000000000000000         2.0000000000000000
14        -1.0094561680972838         2.9173085613750604         1.5000000000000000         0.0000000000000000         0.0000000000000000         1.0000000000000000         2.0000000000000000
15        -1.0094561680972838         2.9173085613750604         2.0000000000000000         0.0000000000000000         0.0000000000000000         1.0000000000000000         2.0000000000000000
16        -1.0094561680972838         2.9173085613750604         2.5000000000000000         0.0000000000000000         0.0000000000000000         1.0000000000000000         2.0000000000000000
17        -1.0094561680972838         2.9173085613750604         3.0000000000000000         0.0000000000000000         0.0000000000000000         1.0000000000000000         2.0000000000000000
18        -1.0094561680972838         2.9173085613750604         3.5000000000000000         0.0000000000000000         0.0000000000000000         1.0000000000000000         2.0000000000000000
19        -1.0094561680972838         2.9173085613750604         4.0000000000000000         0.0000000000000000         0.0000000000000000         1.0000000000000000         2.0000000000000000
20        -1.0094561680972838         2.9173085613750604         4.5000000000000000         0.0000000000000000         0.0000000000000000         1.0000000000000000         2.0000000000000000
21        -1.0094561680972838         2.9173085613750604         5.0000000000000000         0.0000000000000000         0.0000000000000000         1.0000000000000000         2.0000000000000000
Cylinder  2:
Index, Center, Normal, Radius
1         2.6332738592003260        -0.0954903833824483        -5.0000000000000000         0.0000000000000000         0.0000000000000000         1.0000000000000000         2.4544818746798249
2         2.6332738592003260        -0.0954903833824483        -4.5000000000000000         0.0000000000000000         0.0000000000000000         1.0000000000000000         2.4544818746798249
3         2.6332738592003260        -0.0954903833824483        -4.0000000000000000         0.0000000000000000         0.0000000000000000         1.0000000000000000         2.4544818746798249
4         2.6332738592003260        -0.0954903833824483        -3.5000000000000000         0.0000000000000000         0.0000000000000000         1.0000000000000000         2.4544818746798249
5         2.6332738592003260        -0.0954903833824483        -3.0000000000000000         0.0000000000000000         0.0000000000000000         1.0000000000000000         2.4544818746798249
6         2.6332738592003260        -0.0954903833824483        -2.5000000000000000         0.0000000000000000         0.0000000000000000         1.0000000000000000         2.4544818746798249
7         2.6332738592003260        -0.0954903833824483        -2.0000000000000000         0.0000000000000000         0.0000000000000000         1.0000000000000000         2.4544818746798249
8         2.6332738592003260        -0.0954903833824483        -1.5000000000000000         0.0000000000000000         0.0000000000000000         1.0000000000000000         2.4544818746798249
9         2.6332738592003260        -0.0954903833824483        -1.0000000000000000         0.0000000000000000         0.0000000000000000         1.0000000000000000         2.4544818746798249
10         2.6332738592003260        -0.0954903833824483        -0.5000000000000000         0.0000000000000000         0.0000000000000000         1.0000000000000000         2.4544818746798249
11         2.6332738592003260        -0.0954903833824483         0.0000000000000000         0.0000000000000000         0.0000000000000000         1.0000000000000000         2.4544818746798249
12         2.6332738592003260        -0.0954903833824483         0.5000000000000000         0.0000000000000000         0.0000000000000000         1.0000000000000000         2.4544818746798249
13         2.6332738592003260        -0.0954903833824483         1.0000000000000000         0.0000000000000000         0.0000000000000000         1.0000000000000000         2.4544818746798249
14         2.6332738592003260        -0.0954903833824483         1.5000000000000000         0.0000000000000000         0.0000000000000000         1.0000000000000000         2.4544818746798249
15         2.6332738592003260        -0.0954903833824483         2.0000000000000000         0.0000000000000000         0.0000000000000000         1.0000000000000000         2.4544818746798249
16         2.6332738592003260        -0.0954903833824483         2.5000000000000000         0.0000000000000000         0.0000000000000000         1.0000000000000000         2.4544818746798249
17         2.6332738592003260        -0.0954903833824483         3.0000000000000000         0.0000000000000000         0.0000000000000000         1.0000000000000000         2.4544818746798249
18         2.6332738592003260        -0.0954903833824483         3.5000000000000000         0.0000000000000000         0.0000000000000000         1.0000000000000000         2.4544818746798249
19         2.6332738592003260        -0.0954903833824483         4.0000000000000000         0.0000000000000000         0.0000000000000000         1.0000000000000000         2.4544818746798249
20         2.6332738592003260        -0.0954903833824483         4.5000000000000000         0.0000000000000000         0.0000000000000000         1.0000000000000000         2.4544818746798249
21         2.6332738592003260        -0.0954903833824483         5.0000000000000000         0.0000000000000000         0.0000000000000000         1.0000000000000000         2.4544818746798249
Cylinder  3:
Index, Center, Normal, Radius
1         0.0302866155220585        -3.3650666632457682        -5.0000000000000000         0.0000000000000000         0.0000000000000000         1.0000000000000000         1.5522418981292909
2         0.0302866155220585        -3.3650666632457682        -4.5000000000000000         0.0000000000000000         0.0000000000000000         1.0000000000000000         1.5522418981292909
3         0.0302866155220585        -3.3650666632457682        -4.0000000000000000         0.0000000000000000         0.0000000000000000         1.0000000000000000         1.5522418981292909
4         0.0302866155220585        -3.3650666632457682        -3.5000000000000000         0.0000000000000000         0.0000000000000000         1.0000000000000000         1.5522418981292909
5         0.0302866155220585        -3.3650666632457682        -3.0000000000000000         0.0000000000000000         0.0000000000000000         1.0000000000000000         1.5522418981292909
6         0.0302866155220585        -3.3650666632457682        -2.5000000000000000         0.0000000000000000         0.0000000000000000         1.0000000000000000         1.5522418981292909
7         0.0302866155220585        -3.3650666632457682        -2.0000000000000000         0.0000000000000000         0.0000000000000000         1.0000000000000000         1.5522418981292909
8         0.0302866155220585        -3.3650666632457682        -1.5000000000000000         0.0000000000000000         0.0000000000000000         1.0000000000000000         1.5522418981292909
9         0.0302866155220585        -3.3650666632457682        -1.0000000000000000         0.0000000000000000         0.0000000000000000         1.0000000000000000         1.5522418981292909
10         0.0302866155220585        -3.3650666632457682        -0.5000000000000000         0.0000000000000000         0.0000000000000000         1.0000000000000000         1.5522418981292909
11         0.0302866155220585        -3.3650666632457682         0.0000000000000000         0.0000000000000000         0.0000000000000000         1.0000000000000000         1.5522418981292909
12         0.0302866155220585        -3.3650666632457682         0.5000000000000000         0.0000000000000000         0.0000000000000000         1.0000000000000000         1.5522418981292909
13         0.0302866155220585        -3.3650666632457682         1.0000000000000000         0.0000000000000000         0.0000000000000000         1.0000000000000000         1.5522418981292909
14         0.0302866155220585        -3.3650666632457682         1.5000000000000000         0.0000000000000000         0.0000000000000000         1.0000000000000000         1.5522418981292909
15         0.0302866155220585        -3.3650666632457682         2.0000000000000000         0.0000000000000000         0.0000000000000000         1.0000000000000000         1.5522418981292909
16         0.0302866155220585        -3.3650666632457682         2.5000000000000000         0.0000000000000000         0.0000000000000000         1.0000000000000000         1.5522418981292909
17         0.0302866155220585        -3.3650666632457682         3.0000000000000000         0.0000000000000000         0.0000000000000000         1.0000000000000000         1.5522418981292909
18         0.0302866155220585        -3.3650666632457682         3.5000000000000000         0.0000000000000000         0.0000000000000000         1.0000000000000000         1.5522418981292909
19         0.0302866155220585        -3.3650666632457682         4.0000000000000000         0.0000000000000000         0.0000000000000000         1.0000000000000000         1.5522418981292909
20         0.0302866155220585        -3.3650666632457682         4.5000000000000000         0.0000000000000000         0.0000000000000000         1.0000000000000000         1.5522418981292909
21         0.0302866155220585        -3.3650666632457682         5.0000000000000000         0.0000000000000000         0.0000000000000000         1.0000000000000000         1.5522418981292909
Cylinder  4:
Index, Center, Normal, Radius
1        -3.3103944593955923        -2.2336083065085433        -5.0000000000000000         0.0000000000000000         0.0000000000000000         1.0000000000000000         1.7773612744845571
2        -3.3103944593955923        -2.2336083065085433        -4.5000000000000000         0.0000000000000000         0.0000000000000000         1.0000000000000000         1.7773612744845571
3        -3.3103944593955923        -2.2336083065085433        -4.0000000000000000         0.0000000000000000         0.0000000000000000         1.0000000000000000         1.7773612744845571
4        -3.3103944593955923        -2.2336083065085433        -3.5000000000000000         0.0000000000000000         0.0000000000000000         1.0000000000000000         1.7773612744845571
5        -3.3103944593955923        -2.2336083065085433        -3.0000000000000000         0.0000000000000000         0.0000000000000000         1.0000000000000000         1.7773612744845571
6        -3.3103944593955923        -2.2336083065085433        -2.5000000000000000         0.0000000000000000         0.0000000000000000         1.0000000000000000         1.7773612744845571
7        -3.3103944593955923        -2.2336083065085433        -2.0000000000000000         0.0000000000000000         0.0000000000000000         1.0000000000000000         1.7773612744845571
8        -3.3103944593955923        -2.2336083065085433        -1.5000000000000000         0.0000000000000000         0.0000000000000000         1.0000000000000000         1.7773612744845571
9        -3.3103944593955923        -2.2336083065085433        -1.0000000000000000         0.0000000000000000         0.0000000000000000         1.0000000000000000         1.7773612744845571
10        -3.3103944593955923        -2.2336083065085433        -0.5000000000000000         0.0000000000000000         0.0000000000000000         1.0000000000000000         1.7773612744845571
11        -3.3103944593955923        -2.2336083065085433         0.0000000000000000         0.0000000000000000         0.0000000000000000         1.0000000000000000         1.7773612744845571
12        -3.3103944593955923        -2.2336083065085433         0.5000000000000000         0.0000000000000000         0.0000000000000000         1.0000000000000000         1.7773612744845571
13        -3.3103944593955923        -2.2336083065085433         1.0000000000000000         0.0000000000000000         0.0000000000000000         1.0000000000000000         1.7773612744845571
14        -3.3103944593955923        -2.2336083065085433         1.5000000000000000         0.0000000000000000         0.0000000000000000         1.0000000000000000         1.7773612744845571
15        -3.3103944593955923        -2.2336083065085433         2.0000000000000000         0.0000000000000000         0.0000000000000000         1.0000000000000000         1.7773612744845571
16        -3.3103944593955923        -2.2336083065085433         2.5000000000000000         0.0000000000000000         0.0000000000000000         1.0000000000000000         1.7773612744845571
17        -3.3103944593955923        -2.2336083065085433         3.0000000000000000         0.0000000000000000         0.0000000000000000         1.0000000000000000         1.7773612744845571
18        -3.3103944593955923        -2.2336083065085433         3.5000000000000000         0.0000000000000000         0.0000000000000000         1.0000000000000000         1.7773612744845571
19        -3.3103944593955923        -2.2336083065085433         4.0000000000000000         0.0000000000000000         0.0000000000000000         1.0000000000000000         1.7773612744845571
20        -3.3103944593955923        -2.2336083065085433         4.5000000000000000         0.0000000000000000         0.0000000000000000         1.0000000000000000         1.7773612744845571
21        -3.3103944593955923        -2.2336083065085433         5.0000000000000000         0.0000000000000000         0.0000000000000000         1.0000000000000000         1.7773612744845571
